
 Log information for the data set D:/paper_tests/separa/1/big-436910-0.3-30-10_1.dat >>

 alpha = 0.05 sepVal = 0.3

 Number of clusters >> 10

 cluster sizes >>
43691 43691 43691 43691 43691 43691 43691 43691 43691 43691

 Number of data points >> 436910

 Number of dimensions >> 30

 Number of noisy dimensions >> 0

 noisy variables >>
0

 Number of outliers >> 0

 initial eigenvalues for each cluster >> 
 (rows correspond to clusters)
5.684 2.606 3.778 1.292 1.857 9.594 7.742 5.244 7.354 1.751 8.348 6.465 8.555 7.169 7.829 8.271 2.861 9.188 9.105 7.696 4.793 4.933 2.579 1.725 4.611 2.261 4.612 9.707 7.802 9.907
7.794 8.623 5.867 2.514 1.494 4.681 6.6 5.26 6.676 1.423 1.861 6.368 3.629 2.094 8.804 6.053 7.231 9.212 3.245 8.492 7.922 4.796 8.654 4.423 5.285 4.113 4.099 5.659 8.485 3.391
5.149 8.367 4.447 1.543 8.473 3.138 1.093 7.582 6.332 6.683 4.728 5.384 5.882 8.904 5.316 9.18 4.555 3.205 1.729 1.43 9.989 8.959 8 4.558 4.024 8.588 4.461 4.161 4.299 7.992
1.591 1.431 1.533 6.965 3.579 9.123 2.487 7.098 3.629 3.513 3.936 9.446 7.431 4.611 6.821 9.868 5.855 7.988 7.79 2.256 8.179 2.621 8.639 9.968 2.172 4.842 9.278 8.137 6.437 1.627
1.384 5.648 1.191 9.03 2.409 3.41 8.888 2.088 1.905 7.011 9.042 3.882 1.09 7.624 9.079 5.561 6.076 6.25 7.351 2.945 4.026 1.836 9.757 6.481 3.246 9.326 9.62 6.607 7.695 3.072
3.721 7.239 3.667 4.939 6.811 6.12 5.757 4.858 9.835 1.86 3.498 7.508 7.194 2.175 9.176 3.316 5.472 3.523 8.879 5.463 9.945 9.468 3.188 4.602 9.258 7.824 3.468 5.774 4.929 8.965
6.458 3.889 3.357 5.5 3.659 7.938 4.815 4.951 2.383 9.897 5.72 3.915 4.068 9.944 7.463 1.816 3.107 5.621 5.977 1.111 5.638 5.338 2.616 2.226 6.633 9.218 3.84 2.778 6.81 6.211
9.095 8.952 9.304 2.003 6.056 7.669 9.508 6.234 2.536 1.942 1.865 4.271 1.051 1.739 4.992 2.669 5.348 9.585 4.722 4.716 5.67 9.016 8.202 8.812 8.906 3.976 8.357 7.257 7.657 6.119
2.479 4.539 9.124 1.937 9.017 3.478 5.442 8.449 5.775 1.362 7.831 9.023 1.251 6.998 6.781 3.583 7.84 1.976 3.222 6.456 3.062 7.759 6.688 6.902 8.38 4.428 7.077 8.141 1.607 9.421
4.157 7.199 1.82 3.097 4.873 6.941 1.228 2.817 9.365 3.745 3.806 6.005 3.467 7.711 5.041 1.573 3.762 4.584 1.186 4.125 5.655 6.678 8.428 9.102 3.528 7.399 4.702 3.348 5.429 1.118

 Mean vectors and covariance matrices before rotation --- 1th cluster >>

 mean vector (mu'=Q*mu)>>
-10.059 0 0 0 0 0 0 0 0 0 0 0 0 0 0 0 0 0 0 0 0 0 0 0 0 0 0 0 0 0

 covariance matrix (Sigma'=Q*Sigma*t(Q))>>

8.646 0.619 0.183 0.284 1.221 -0.253 -0.141 0.262 -0.407 0.945 -0.743 -0.091 -0.454 -0.29 -0.621 -0.777 1.187 -1.274 -0.648 -0.293 0.34 0.187 1.14 0.4 0.269 1.438 0.094 -1.135 -0.81 -0.582
0.619 3.848 0.048 0.051 0.233 -0.004 0.012 0.145 0.057 0.178 0.026 0.057 0.01 0.052 0.047 0.031 0.257 -0.005 0 0.026 0.132 0.079 0.237 0.075 0.095 0.287 0.033 -0.021 0.063 -0.013
0.183 0.048 5.409 0.02 0.088 -0.006 0.001 0.045 0.008 0.068 -0.007 0.014 -0.006 0.009 0.001 -0.006 0.094 -0.025 -0.012 0.002 0.043 0.026 0.088 0.029 0.032 0.107 0.011 -0.027 0.002 -0.015
0.284 0.051 0.02 1.864 0.091 0.002 0.008 0.064 0.033 0.07 0.024 0.028 0.012 0.029 0.032 0.026 0.103 0.018 0.01 0.017 0.057 0.035 0.094 0.029 0.041 0.113 0.014 0.008 0.042 0.003
1.221 0.233 0.088 0.091 3.065 0.003 0.03 0.28 0.132 0.318 0.083 0.118 0.04 0.118 0.121 0.095 0.466 0.046 0.027 0.066 0.25 0.151 0.427 0.134 0.179 0.515 0.062 0.007 0.162 -0.002
-0.253 -0.004 -0.006 0.002 0.003 13.67 -0.019 -0.046 -0.067 0.003 -0.084 -0.037 -0.049 -0.054 -0.083 -0.09 -0.012 -0.12 -0.062 -0.041 -0.032 -0.021 -0.007 0.001 -0.021 -0.003 -0.007 -0.099 -0.109 -0.049
-0.141 0.012 0.001 0.008 0.03 -0.019 11.034 -0.022 -0.05 0.024 -0.068 -0.024 -0.04 -0.039 -0.064 -0.072 0.02 -0.102 -0.053 -0.032 -0.012 -0.008 0.022 0.01 -0.006 0.032 -0.002 -0.086 -0.085 -0.043
0.262 0.145 0.045 0.064 0.28 -0.046 -0.022 7.57 -0.057 0.216 -0.125 -0.001 -0.078 -0.037 -0.098 -0.13 0.28 -0.227 -0.115 -0.045 0.096 0.055 0.266 0.091 0.073 0.333 0.026 -0.207 -0.127 -0.107
-0.407 0.057 0.008 0.033 0.132 -0.067 -0.05 -0.057 10.331 0.104 -0.231 -0.076 -0.136 -0.128 -0.216 -0.245 0.101 -0.353 -0.181 -0.106 -0.023 -0.019 0.106 0.044 -0.01 0.145 -0.003 -0.299 -0.284 -0.151
0.945 0.178 0.068 0.07 0.318 0.003 0.024 0.216 0.104 2.741 0.067 0.092 0.033 0.092 0.096 0.076 0.357 0.04 0.023 0.052 0.193 0.117 0.327 0.102 0.137 0.394 0.048 0.009 0.129 0.001
-0.743 0.026 -0.007 0.024 0.083 -0.084 -0.068 -0.125 -0.231 0.067 11.611 -0.118 -0.177 -0.182 -0.292 -0.322 0.035 -0.446 -0.23 -0.144 -0.078 -0.053 0.048 0.029 -0.047 0.079 -0.016 -0.372 -0.384 -0.187
-0.091 0.057 0.014 0.028 0.118 -0.037 -0.024 -0.001 -0.076 0.092 -0.118 9.197 -0.071 -0.058 -0.106 -0.124 0.106 -0.189 -0.097 -0.051 0.014 0.006 0.105 0.039 0.014 0.135 0.005 -0.164 -0.138 -0.083
-0.454 0.01 -0.006 0.012 0.04 -0.049 -0.04 -0.078 -0.136 0.033 -0.177 -0.071 12.106 -0.108 -0.171 -0.188 0.011 -0.259 -0.134 -0.085 -0.05 -0.034 0.02 0.014 -0.031 0.036 -0.011 -0.216 -0.225 -0.108
-0.29 0.052 0.009 0.029 0.118 -0.054 -0.039 -0.037 -0.128 0.092 -0.182 -0.058 -0.108 10.132 -0.169 -0.193 0.094 -0.28 -0.144 -0.083 -0.011 -0.011 0.097 0.039 -0.003 0.13 -0.001 -0.239 -0.222 -0.121
-0.621 0.047 0.001 0.032 0.121 -0.083 -0.064 -0.098 -0.216 0.096 -0.292 -0.106 -0.171 -0.169 10.897 -0.31 0.077 -0.437 -0.225 -0.136 -0.054 -0.038 0.087 0.041 -0.03 0.126 -0.01 -0.367 -0.364 -0.185
-0.777 0.031 -0.006 0.026 0.095 -0.09 -0.072 -0.13 -0.245 0.076 -0.322 -0.124 -0.188 -0.193 -0.31 11.461 0.043 -0.476 -0.245 -0.153 -0.079 -0.055 0.058 0.033 -0.047 0.092 -0.017 -0.397 -0.407 -0.2
1.187 0.257 0.094 0.103 0.466 -0.012 0.02 0.28 0.101 0.357 0.035 0.106 0.011 0.094 0.077 0.043 4.595 -0.033 -0.013 0.045 0.257 0.154 0.472 0.151 0.185 0.573 0.065 -0.061 0.105 -0.037
-1.274 -0.005 -0.025 0.018 0.046 -0.12 -0.102 -0.227 -0.353 0.04 -0.446 -0.189 -0.259 -0.28 -0.437 -0.476 -0.033 12.469 -0.333 -0.217 -0.155 -0.102 -0.006 0.017 -0.098 0.022 -0.034 -0.532 -0.575 -0.266
-0.648 0 -0.012 0.01 0.027 -0.062 -0.053 -0.115 -0.181 0.023 -0.23 -0.097 -0.134 -0.144 -0.225 -0.245 -0.013 -0.333 12.822 -0.112 -0.078 -0.052 0 0.01 -0.049 0.016 -0.017 -0.275 -0.296 -0.138
-0.293 0.026 0.002 0.017 0.066 -0.041 -0.032 -0.045 -0.106 0.052 -0.144 -0.051 -0.085 -0.083 -0.136 -0.153 0.045 -0.217 -0.112 10.916 -0.023 -0.017 0.049 0.022 -0.012 0.069 -0.004 -0.183 -0.179 -0.092
0.34 0.132 0.043 0.057 0.25 -0.032 -0.012 0.096 -0.023 0.193 -0.078 0.014 -0.05 -0.011 -0.054 -0.079 0.257 -0.155 -0.078 -0.023 6.94 0.058 0.242 0.081 0.074 0.3 0.026 -0.145 -0.069 -0.076
0.187 0.079 0.026 0.035 0.151 -0.021 -0.008 0.055 -0.019 0.117 -0.053 0.006 -0.034 -0.011 -0.038 -0.055 0.154 -0.102 -0.052 -0.017 0.058 7.074 0.146 0.049 0.044 0.181 0.015 -0.095 -0.05 -0.049
1.14 0.237 0.088 0.094 0.427 -0.007 0.022 0.266 0.106 0.327 0.048 0.105 0.02 0.097 0.087 0.058 0.472 -0.006 0 0.049 0.242 0.146 4.116 0.138 0.174 0.526 0.061 -0.037 0.118 -0.024
0.4 0.075 0.029 0.029 0.134 0.001 0.01 0.091 0.044 0.102 0.029 0.039 0.014 0.039 0.041 0.033 0.151 0.017 0.01 0.022 0.081 0.049 0.138 2.505 0.058 0.166 0.02 0.004 0.055 0
0.269 0.095 0.032 0.041 0.179 -0.021 -0.006 0.073 -0.01 0.137 -0.047 0.014 -0.031 -0.003 -0.03 -0.047 0.185 -0.098 -0.049 -0.012 0.074 0.044 0.174 0.058 6.636 0.215 0.019 -0.094 -0.038 -0.049
1.438 0.287 0.107 0.113 0.515 -0.003 0.032 0.333 0.145 0.394 0.079 0.135 0.036 0.13 0.126 0.092 0.573 0.022 0.016 0.069 0.3 0.181 0.526 0.166 0.215 3.863 0.075 -0.02 0.169 -0.016
0.094 0.033 0.011 0.014 0.062 -0.007 -0.002 0.026 -0.003 0.048 -0.016 0.005 -0.011 -0.001 -0.01 -0.017 0.065 -0.034 -0.017 -0.004 0.026 0.015 0.061 0.02 0.019 0.075 6.589 -0.033 -0.013 -0.017
-1.135 -0.021 -0.027 0.008 0.007 -0.099 -0.086 -0.207 -0.299 0.009 -0.372 -0.164 -0.216 -0.239 -0.367 -0.397 -0.061 -0.532 -0.275 -0.183 -0.145 -0.095 -0.037 0.004 -0.094 -0.02 -0.033 13.417 -0.484 -0.218
-0.81 0.063 0.002 0.042 0.162 -0.109 -0.085 -0.127 -0.284 0.129 -0.384 -0.138 -0.225 -0.222 -0.364 -0.407 0.105 -0.575 -0.296 -0.179 -0.069 -0.05 0.118 0.055 -0.038 0.169 -0.013 -0.484 10.656 -0.244
-0.582 -0.013 -0.015 0.003 -0.002 -0.049 -0.043 -0.107 -0.151 0.001 -0.187 -0.083 -0.108 -0.121 -0.185 -0.2 -0.037 -0.266 -0.138 -0.092 -0.076 -0.049 -0.024 0 -0.049 -0.016 -0.017 -0.218 -0.244 14.03

 Mean vectors and covariance matrices before rotation --- 2th cluster >>

 mean vector (mu'=Q*mu)>>
10.059 0 0 0 0 0 0 0 0 0 0 0 0 0 0 0 0 0 0 0 0 0 0 0 0 0 0 0 0 0

 covariance matrix (Sigma'=Q*Sigma*t(Q))>>

5.406 -0.142 -0.063 0.836 1.012 0.072 -0.055 0.04 -0.13 0.611 0.807 -0.176 0.112 0.623 -0.257 -0.019 -0.384 -0.467 0.171 -0.701 -0.21 0.144 -0.786 0.14 0.054 0.389 0.181 0.001 -0.815 0.601
-0.142 8.616 -0.014 0.026 0.035 0 -0.004 -0.002 -0.01 0.021 0.027 -0.016 0.003 0.02 -0.014 -0.003 -0.025 -0.025 0.005 -0.039 -0.012 0 -0.043 0.002 -0.003 0.008 0.004 -0.007 -0.045 0.016
-0.063 -0.014 6.013 0.371 0.407 0.059 0.016 0.064 0.032 0.245 0.335 0.084 0.06 0.264 -0.027 0.021 0.024 -0.059 0.085 -0.062 -0.009 0.128 -0.077 0.099 0.091 0.24 0.111 0.108 -0.071 0.306
0.836 0.026 0.371 3.045 0.544 0.11 0.06 0.134 0.13 0.325 0.457 0.27 0.095 0.367 0.042 0.057 0.215 0.054 0.129 0.144 0.067 0.242 0.143 0.175 0.193 0.406 0.188 0.254 0.168 0.474
1.012 0.035 0.407 0.544 2.044 0.117 0.068 0.144 0.147 0.329 0.465 0.302 0.099 0.374 0.056 0.063 0.251 0.078 0.134 0.186 0.082 0.258 0.188 0.185 0.209 0.427 0.197 0.277 0.218 0.492
0.072 0 0.059 0.11 0.117 4.701 0.008 0.023 0.018 0.07 0.097 0.04 0.019 0.077 0 0.009 0.025 -0.004 0.026 0.005 0.005 0.044 0.002 0.033 0.033 0.077 0.036 0.042 0.006 0.094
-0.055 -0.004 0.016 0.06 0.068 0.008 6.601 0.008 0.001 0.041 0.055 0.006 0.009 0.043 -0.008 0.002 -0.005 -0.016 0.013 -0.021 -0.005 0.018 -0.025 0.014 0.012 0.036 0.017 0.013 -0.024 0.048
0.04 -0.002 0.064 0.134 0.144 0.023 0.008 5.286 0.017 0.086 0.119 0.04 0.022 0.094 -0.004 0.009 0.021 -0.012 0.031 -0.006 0.002 0.05 -0.011 0.038 0.037 0.091 0.042 0.045 -0.007 0.113
-0.13 -0.01 0.032 0.13 0.147 0.018 0.001 0.017 6.677 0.088 0.12 0.012 0.02 0.094 -0.019 0.004 -0.013 -0.037 0.029 -0.049 -0.012 0.038 -0.056 0.031 0.025 0.077 0.035 0.026 -0.056 0.103
0.611 0.021 0.245 0.325 0.329 0.07 0.041 0.086 0.088 1.62 0.278 0.182 0.06 0.224 0.034 0.038 0.151 0.048 0.08 0.113 0.049 0.155 0.114 0.111 0.125 0.256 0.118 0.166 0.132 0.295
0.807 0.027 0.335 0.457 0.465 0.097 0.055 0.119 0.12 0.278 2.253 0.247 0.083 0.315 0.043 0.052 0.202 0.059 0.112 0.146 0.065 0.214 0.147 0.154 0.172 0.356 0.164 0.228 0.17 0.412
-0.176 -0.016 0.084 0.27 0.302 0.04 0.006 0.04 0.012 0.182 0.247 6.408 0.042 0.194 -0.031 0.011 -0.008 -0.062 0.061 -0.077 -0.017 0.085 -0.092 0.067 0.058 0.166 0.077 0.064 -0.09 0.218
0.112 0.003 0.06 0.095 0.099 0.019 0.009 0.022 0.02 0.06 0.083 0.042 3.646 0.066 0.004 0.009 0.031 0.004 0.023 0.016 0.009 0.041 0.015 0.03 0.032 0.07 0.033 0.041 0.019 0.084
0.623 0.02 0.264 0.367 0.374 0.077 0.043 0.094 0.094 0.224 0.315 0.194 0.066 2.347 0.033 0.041 0.158 0.044 0.09 0.111 0.05 0.17 0.111 0.123 0.137 0.284 0.131 0.18 0.13 0.329
-0.257 -0.014 -0.027 0.042 0.056 0 -0.008 -0.004 -0.019 0.034 0.043 -0.031 0.004 0.033 8.779 -0.005 -0.046 -0.044 0.007 -0.07 -0.022 -0.002 -0.077 0.002 -0.007 0.01 0.005 -0.015 -0.081 0.024
-0.019 -0.003 0.021 0.057 0.063 0.009 0.002 0.009 0.004 0.038 0.052 0.011 0.009 0.041 -0.005 6.056 0.002 -0.01 0.013 -0.012 -0.002 0.019 -0.014 0.015 0.013 0.036 0.017 0.016 -0.014 0.047
-0.384 -0.025 0.024 0.215 0.251 0.025 -0.005 0.021 -0.013 0.151 0.202 -0.008 0.031 0.158 -0.046 0.002 7.178 -0.086 0.046 -0.123 -0.034 0.052 -0.139 0.045 0.03 0.116 0.054 0.025 -0.142 0.164
-0.467 -0.025 -0.059 0.054 0.078 -0.004 -0.016 -0.012 -0.037 0.048 0.059 -0.062 0.004 0.044 -0.044 -0.01 -0.086 9.136 0.008 -0.124 -0.04 -0.011 -0.136 -0.002 -0.018 0.004 0.002 -0.034 -0.144 0.027
0.171 0.005 0.085 0.129 0.134 0.026 0.013 0.031 0.029 0.08 0.112 0.061 0.023 0.09 0.007 0.013 0.046 0.008 3.276 0.027 0.013 0.057 0.026 0.041 0.045 0.097 0.045 0.058 0.032 0.114
-0.701 -0.039 -0.062 0.144 0.186 0.005 -0.021 -0.006 -0.049 0.113 0.146 -0.077 0.016 0.111 -0.07 -0.012 -0.123 -0.124 0.027 8.299 -0.061 0.006 -0.215 0.014 -0.01 0.047 0.022 -0.031 -0.225 0.092
-0.21 -0.012 -0.009 0.067 0.082 0.005 -0.005 0.002 -0.012 0.049 0.065 -0.017 0.009 0.05 -0.022 -0.002 -0.034 -0.04 0.013 -0.061 7.903 0.01 -0.068 0.01 0.003 0.03 0.014 -0.002 -0.071 0.047
0.144 0 0.128 0.242 0.258 0.044 0.018 0.05 0.038 0.155 0.214 0.085 0.041 0.17 -0.002 0.019 0.052 -0.011 0.057 0.006 0.01 4.891 0 0.071 0.072 0.169 0.078 0.09 0.008 0.207
-0.786 -0.043 -0.077 0.143 0.188 0.002 -0.025 -0.011 -0.056 0.114 0.147 -0.092 0.015 0.111 -0.077 -0.014 -0.139 -0.136 0.026 -0.215 -0.068 0 8.416 0.01 -0.016 0.041 0.019 -0.041 -0.25 0.088
0.14 0.002 0.099 0.175 0.185 0.033 0.014 0.038 0.031 0.111 0.154 0.067 0.03 0.123 0.002 0.015 0.045 -0.002 0.041 0.014 0.01 0.071 0.01 4.476 0.055 0.125 0.058 0.069 0.016 0.151
0.054 -0.003 0.091 0.193 0.209 0.033 0.012 0.037 0.025 0.125 0.172 0.058 0.032 0.137 -0.007 0.013 0.03 -0.018 0.045 -0.01 0.003 0.072 -0.016 0.055 5.339 0.131 0.061 0.065 -0.012 0.163
0.389 0.008 0.24 0.406 0.427 0.077 0.036 0.091 0.077 0.256 0.356 0.166 0.07 0.284 0.01 0.036 0.116 0.004 0.097 0.047 0.03 0.169 0.041 0.125 0.131 4.407 0.136 0.167 0.056 0.353
0.181 0.004 0.111 0.188 0.197 0.036 0.017 0.042 0.035 0.118 0.164 0.077 0.033 0.131 0.005 0.017 0.054 0.002 0.045 0.022 0.014 0.078 0.019 0.058 0.061 0.136 4.162 0.077 0.026 0.163
0.001 -0.007 0.108 0.254 0.277 0.042 0.013 0.045 0.026 0.166 0.228 0.064 0.041 0.18 -0.015 0.016 0.025 -0.034 0.058 -0.031 -0.002 0.09 -0.041 0.069 0.065 0.167 0.077 5.737 -0.036 0.211
-0.815 -0.045 -0.071 0.168 0.218 0.006 -0.024 -0.007 -0.056 0.132 0.17 -0.09 0.019 0.13 -0.081 -0.014 -0.142 -0.144 0.032 -0.225 -0.071 0.008 -0.25 0.016 -0.012 0.056 0.026 -0.036 8.223 0.108
0.601 0.016 0.306 0.474 0.492 0.094 0.048 0.113 0.103 0.295 0.412 0.218 0.084 0.329 0.024 0.047 0.164 0.027 0.114 0.092 0.047 0.207 0.088 0.151 0.163 0.353 0.163 0.211 0.108 3.809

 Mean vectors and covariance matrices before rotation --- 3th cluster >>

 mean vector (mu'=Q*mu)>>
0 17.423 0 0 0 0 0 0 0 0 0 0 0 0 0 0 0 0 0 0 0 0 0 0 0 0 0 0 0 0

 covariance matrix (Sigma'=Q*Sigma*t(Q))>>

6.367 -0.305 0.428 0.461 -0.245 0.951 0.957 -0.072 0 -0.117 0.032 0.18 0.107 -0.8 0.089 -0.307 0.4 0.192 0.477 0.231 -0.905 -0.77 -0.016 0.205 0.144 -0.662 0.431 0.276 0.162 -0.433
-0.305 8.262 -0.044 0.02 -0.082 -0.003 0.049 -0.034 -0.003 -0.142 -0.005 -0.063 -0.103 -0.241 -0.028 -0.088 -0.047 -0.001 0.019 0.011 -0.229 -0.229 -0.006 -0.024 -0.008 -0.215 -0.045 -0.019 -0.014 -0.169
0.428 -0.044 4.575 0.115 -0.036 0.252 0.235 -0.007 0.001 0.019 0.01 0.069 0.064 -0.127 0.033 -0.05 0.122 0.051 0.119 0.057 -0.159 -0.123 -0.002 0.062 0.041 -0.1 0.129 0.08 0.048 -0.055
0.461 0.02 0.115 1.617 0.014 0.185 0.147 0.011 0.002 0.084 0.01 0.082 0.098 0.027 0.038 0.007 0.112 0.038 0.077 0.036 -0.002 0.024 0.002 0.057 0.034 0.034 0.116 0.067 0.041 0.043
-0.245 -0.082 -0.036 0.014 8.409 -0.006 0.036 -0.026 -0.002 -0.112 -0.004 -0.05 -0.082 -0.188 -0.023 -0.068 -0.038 -0.002 0.013 0.008 -0.178 -0.179 -0.005 -0.02 -0.007 -0.167 -0.037 -0.016 -0.011 -0.132
0.951 -0.003 0.252 0.185 -0.006 3.576 0.373 0.011 0.004 0.131 0.021 0.164 0.183 -0.053 0.077 -0.026 0.243 0.089 0.193 0.092 -0.116 -0.054 0.001 0.125 0.076 -0.024 0.255 0.151 0.092 0.021
0.957 0.049 0.235 0.147 0.036 0.373 1.385 0.026 0.005 0.181 0.02 0.17 0.206 0.075 0.079 0.021 0.229 0.076 0.154 0.073 0.014 0.068 0.004 0.118 0.069 0.086 0.238 0.138 0.085 0.102
-0.072 -0.034 -0.007 0.011 -0.026 0.011 0.026 7.572 -0.001 -0.042 -0.001 -0.016 -0.028 -0.079 -0.007 -0.029 -0.008 0.002 0.011 0.006 -0.077 -0.075 -0.002 -0.004 -0.001 -0.07 -0.007 -0.002 -0.002 -0.054
0 -0.003 0.001 0.002 -0.002 0.004 0.005 -0.001 6.332 -0.003 0 0 -0.001 -0.007 0 -0.003 0.001 0.001 0.002 0.001 -0.008 -0.007 0 0 0 -0.006 0.001 0.001 0 -0.005
-0.117 -0.142 0.019 0.084 -0.112 0.131 0.181 -0.042 -0.003 6.532 0 -0.034 -0.083 -0.341 -0.014 -0.126 0.012 0.026 0.085 0.042 -0.344 -0.325 -0.008 0.006 0.012 -0.296 0.018 0.02 0.01 -0.221
0.032 -0.005 0.01 0.01 -0.004 0.021 0.02 -0.001 0 0 4.728 0.005 0.004 -0.013 0.002 -0.005 0.01 0.004 0.01 0.005 -0.015 -0.012 0 0.005 0.003 -0.01 0.01 0.006 0.004 -0.006
0.18 -0.063 0.069 0.082 -0.05 0.164 0.17 -0.016 0 -0.034 0.005 5.408 0.008 -0.162 0.013 -0.062 0.064 0.033 0.084 0.041 -0.179 -0.156 -0.003 0.033 0.024 -0.136 0.07 0.046 0.027 -0.092
0.107 -0.103 0.064 0.098 -0.082 0.183 0.206 -0.028 -0.001 -0.083 0.004 0.008 5.859 -0.257 0.005 -0.097 0.058 0.037 0.1 0.049 -0.272 -0.246 -0.006 0.029 0.024 -0.219 0.065 0.045 0.026 -0.155
-0.8 -0.241 -0.127 0.027 -0.188 -0.053 0.075 -0.079 -0.007 -0.341 -0.013 -0.162 -0.257 8.354 -0.073 -0.2 -0.133 -0.012 0.024 0.015 -0.515 -0.523 -0.014 -0.068 -0.027 -0.492 -0.13 -0.06 -0.041 -0.392
0.089 -0.028 0.033 0.038 -0.023 0.077 0.079 -0.007 0 -0.014 0.002 0.013 0.005 -0.073 5.323 -0.028 0.031 0.016 0.039 0.019 -0.081 -0.07 -0.002 0.016 0.011 -0.061 0.033 0.022 0.013 -0.041
-0.307 -0.088 -0.05 0.007 -0.068 -0.026 0.021 -0.029 -0.003 -0.126 -0.005 -0.062 -0.097 -0.2 -0.028 9.108 -0.053 -0.006 0.005 0.004 -0.186 -0.19 -0.005 -0.027 -0.011 -0.179 -0.052 -0.024 -0.017 -0.143
0.4 -0.047 0.122 0.112 -0.038 0.243 0.229 -0.008 0.001 0.012 0.01 0.064 0.058 -0.133 0.031 -0.053 4.671 0.049 0.116 0.056 -0.163 -0.129 -0.002 0.059 0.039 -0.106 0.123 0.076 0.045 -0.061
0.192 -0.001 0.051 0.038 -0.002 0.089 0.076 0.002 0.001 0.026 0.004 0.033 0.037 -0.012 0.016 -0.006 0.049 3.223 0.04 0.019 -0.025 -0.012 0 0.025 0.016 -0.006 0.052 0.031 0.019 0.003
0.477 0.019 0.119 0.077 0.013 0.193 0.154 0.011 0.002 0.085 0.01 0.084 0.1 0.024 0.039 0.005 0.116 0.04 1.81 0.038 -0.007 0.021 0.002 0.06 0.035 0.031 0.121 0.07 0.043 0.042
0.231 0.011 0.057 0.036 0.008 0.092 0.073 0.006 0.001 0.042 0.005 0.041 0.049 0.015 0.019 0.004 0.056 0.019 0.038 1.448 0 0.013 0.001 0.029 0.017 0.018 0.058 0.034 0.021 0.022
-0.905 -0.229 -0.159 -0.002 -0.178 -0.116 0.014 -0.077 -0.008 -0.344 -0.015 -0.179 -0.272 -0.515 -0.081 -0.186 -0.163 -0.025 -0.007 0 9.517 -0.489 -0.014 -0.084 -0.037 -0.464 -0.162 -0.08 -0.053 -0.375
-0.77 -0.229 -0.123 0.024 -0.179 -0.054 0.068 -0.075 -0.007 -0.325 -0.012 -0.156 -0.246 -0.523 -0.07 -0.19 -0.129 -0.012 0.021 0.013 -0.489 8.462 -0.014 -0.066 -0.026 -0.468 -0.126 -0.059 -0.04 -0.373
-0.016 -0.006 -0.002 0.002 -0.005 0.001 0.004 -0.002 0 -0.008 0 -0.003 -0.006 -0.014 -0.002 -0.005 -0.002 0 0.002 0.001 -0.014 -0.014 8 -0.001 0 -0.013 -0.002 -0.001 -0.001 -0.01
0.205 -0.024 0.062 0.057 -0.02 0.125 0.118 -0.004 0 0.006 0.005 0.033 0.029 -0.068 0.016 -0.027 0.059 0.025 0.06 0.029 -0.084 -0.066 -0.001 4.588 0.02 -0.054 0.063 0.039 0.023 -0.031
0.144 -0.008 0.041 0.034 -0.007 0.076 0.069 -0.001 0 0.012 0.003 0.024 0.024 -0.027 0.011 -0.011 0.039 0.016 0.035 0.017 -0.037 -0.026 0 0.02 4.037 -0.02 0.041 0.025 0.015 -0.009
-0.662 -0.215 -0.1 0.034 -0.167 -0.024 0.086 -0.07 -0.006 -0.296 -0.01 -0.136 -0.219 -0.492 -0.061 -0.179 -0.106 -0.006 0.031 0.018 -0.464 -0.468 -0.013 -0.054 -0.02 8.149 -0.102 -0.046 -0.032 -0.347
0.431 -0.045 0.129 0.116 -0.037 0.255 0.238 -0.007 0.001 0.018 0.01 0.07 0.065 -0.13 0.033 -0.052 0.123 0.052 0.121 0.058 -0.162 -0.126 -0.002 0.063 0.041 -0.102 4.592 0.08 0.048 -0.057
0.276 -0.019 0.08 0.067 -0.016 0.151 0.138 -0.002 0.001 0.02 0.006 0.046 0.045 -0.06 0.022 -0.024 0.076 0.031 0.07 0.034 -0.08 -0.059 -0.001 0.039 0.025 -0.046 0.08 4.21 0.029 -0.022
0.162 -0.014 0.048 0.041 -0.011 0.092 0.085 -0.002 0 0.01 0.004 0.027 0.026 -0.041 0.013 -0.017 0.045 0.019 0.043 0.021 -0.053 -0.04 -0.001 0.023 0.015 -0.032 0.048 0.029 4.316 -0.017
-0.433 -0.169 -0.055 0.043 -0.132 0.021 0.102 -0.054 -0.005 -0.221 -0.006 -0.092 -0.155 -0.392 -0.041 -0.143 -0.061 0.003 0.042 0.022 -0.375 -0.373 -0.01 -0.031 -0.009 -0.347 -0.057 -0.022 -0.017 7.721

 Mean vectors and covariance matrices before rotation --- 4th cluster >>

 mean vector (mu'=Q*mu)>>
0 5.808 16.426 0 0 0 0 0 0 0 0 0 0 0 0 0 0 0 0 0 0 0 0 0 0 0 0 0 0 0

 covariance matrix (Sigma'=Q*Sigma*t(Q))>>

9.668 0.352 1.548 -0.715 0.44 -1.226 0.593 -0.67 0.513 0.192 0.216 -2.106 -0.643 0.032 -0.681 -2.505 -0.409 -0.547 -1.441 1.252 -0.126 0.106 -0.977 -1.3 1.002 -0.02 -0.114 -1.109 -0.473 0.671
0.352 2.526 0.079 -0.032 0.024 -0.058 0.031 -0.03 0.028 0.011 0.013 -0.099 -0.029 0.003 -0.031 -0.118 -0.017 -0.025 -0.066 0.065 -0.006 0.006 -0.046 -0.061 0.052 0.001 -0.005 -0.051 -0.021 0.034
1.548 0.079 3.036 -0.154 0.102 -0.267 0.134 -0.144 0.119 0.045 0.051 -0.46 -0.139 0.01 -0.146 -0.547 -0.086 -0.119 -0.312 0.283 -0.027 0.024 -0.213 -0.284 0.226 0 -0.025 -0.241 -0.101 0.151
-0.715 -0.032 -0.154 11.836 -0.232 -0.415 -0.121 -0.336 -0.286 -0.095 -0.176 -0.685 -0.294 -0.154 -0.374 -0.779 -0.371 -0.221 -0.606 -0.214 -0.049 -0.024 -0.353 -0.4 -0.161 -0.25 -0.038 -0.436 -0.303 -0.072
0.44 0.024 0.102 -0.232 6.225 -0.304 0.013 -0.212 -0.064 -0.019 -0.05 -0.511 -0.191 -0.061 -0.229 -0.593 -0.198 -0.151 -0.407 0.045 -0.034 0.001 -0.252 -0.306 0.04 -0.106 -0.028 -0.3 -0.177 0.042
-1.226 -0.058 -0.267 -0.415 -0.304 15.555 -0.177 -0.372 -0.373 -0.125 -0.224 -0.719 -0.322 -0.188 -0.417 -0.811 -0.427 -0.239 -0.659 -0.325 -0.053 -0.035 -0.376 -0.416 -0.248 -0.302 -0.04 -0.469 -0.342 -0.122
0.593 0.031 0.134 -0.121 0.013 -0.177 4.402 -0.111 0.014 0.007 -0.002 -0.301 -0.103 -0.017 -0.117 -0.353 -0.09 -0.084 -0.224 0.097 -0.019 0.007 -0.144 -0.183 0.079 -0.035 -0.016 -0.168 -0.087 0.058
-0.67 -0.03 -0.144 -0.336 -0.212 -0.372 -0.111 12.141 -0.26 -0.086 -0.16 -0.614 -0.264 -0.139 -0.336 -0.697 -0.334 -0.199 -0.544 -0.198 -0.044 -0.022 -0.317 -0.358 -0.149 -0.227 -0.034 -0.391 -0.273 -0.067
0.513 0.028 0.119 -0.286 -0.064 -0.373 0.014 -0.26 6.28 -0.024 -0.063 -0.626 -0.235 -0.076 -0.281 -0.726 -0.245 -0.185 -0.5 0.05 -0.042 0.001 -0.309 -0.375 0.045 -0.132 -0.034 -0.368 -0.218 0.049
0.192 0.011 0.045 -0.095 -0.019 -0.125 0.007 -0.086 -0.024 6.152 -0.02 -0.21 -0.078 -0.024 -0.093 -0.243 -0.08 -0.062 -0.166 0.021 -0.014 0.001 -0.103 -0.126 0.019 -0.043 -0.011 -0.123 -0.072 0.018
0.216 0.013 0.051 -0.176 -0.05 -0.224 -0.002 -0.16 -0.063 -0.02 6.854 -0.376 -0.144 -0.05 -0.174 -0.434 -0.154 -0.112 -0.304 0.01 -0.025 -0.001 -0.186 -0.224 0.012 -0.087 -0.021 -0.223 -0.135 0.02
-2.106 -0.099 -0.46 -0.685 -0.511 -0.719 -0.301 -0.614 -0.626 -0.21 -0.376 15.377 -0.532 -0.314 -0.689 -1.331 -0.709 -0.394 -1.086 -0.553 -0.087 -0.059 -0.619 -0.683 -0.422 -0.504 -0.065 -0.773 -0.566 -0.209
-0.643 -0.029 -0.139 -0.294 -0.191 -0.322 -0.103 -0.264 -0.235 -0.078 -0.144 -0.532 12.796 -0.124 -0.294 -0.603 -0.295 -0.173 -0.475 -0.185 -0.038 -0.02 -0.275 -0.31 -0.14 -0.202 -0.029 -0.34 -0.239 -0.064
0.032 0.003 0.01 -0.154 -0.061 -0.188 -0.017 -0.139 -0.076 -0.024 -0.05 -0.314 -0.124 8.033 -0.152 -0.361 -0.141 -0.096 -0.261 -0.022 -0.021 -0.004 -0.157 -0.186 -0.014 -0.085 -0.017 -0.19 -0.12 0.003
-0.681 -0.031 -0.146 -0.374 -0.229 -0.417 -0.117 -0.336 -0.281 -0.093 -0.174 -0.689 -0.294 -0.152 11.582 -0.783 -0.369 -0.222 -0.608 -0.207 -0.049 -0.023 -0.355 -0.403 -0.156 -0.249 -0.038 -0.437 -0.303 -0.068
-2.505 -0.118 -0.547 -0.779 -0.593 -0.811 -0.353 -0.697 -0.726 -0.243 -0.434 -1.331 -0.603 -0.361 -0.783 15.8 -0.809 -0.446 -1.23 -0.651 -0.098 -0.069 -0.699 -0.769 -0.497 -0.578 -0.074 -0.875 -0.645 -0.249
-0.409 -0.017 -0.086 -0.371 -0.198 -0.427 -0.09 -0.334 -0.245 -0.08 -0.154 -0.709 -0.295 -0.141 -0.369 -0.809 9.906 -0.224 -0.612 -0.152 -0.05 -0.018 -0.361 -0.417 -0.112 -0.232 -0.039 -0.442 -0.297 -0.042
-0.547 -0.025 -0.119 -0.221 -0.151 -0.239 -0.084 -0.199 -0.185 -0.062 -0.112 -0.394 -0.173 -0.096 -0.222 -0.446 -0.224 13.873 -0.355 -0.152 -0.029 -0.016 -0.205 -0.229 -0.115 -0.155 -0.022 -0.254 -0.181 -0.055
-1.441 -0.066 -0.312 -0.606 -0.407 -0.659 -0.224 -0.544 -0.5 -0.166 -0.304 -1.086 -0.475 -0.261 -0.608 -1.23 -0.612 -0.355 12.68 -0.404 -0.079 -0.044 -0.563 -0.632 -0.306 -0.422 -0.06 -0.698 -0.495 -0.144
1.252 0.065 0.283 -0.214 0.045 -0.325 0.097 -0.198 0.05 0.021 0.01 -0.553 -0.185 -0.022 -0.207 -0.651 -0.152 -0.152 -0.404 4.166 -0.035 0.017 -0.263 -0.337 0.172 -0.051 -0.03 -0.305 -0.152 0.122
-0.126 -0.006 -0.027 -0.049 -0.034 -0.053 -0.019 -0.044 -0.042 -0.014 -0.025 -0.087 -0.038 -0.021 -0.049 -0.098 -0.05 -0.029 -0.079 -0.035 14.33 -0.004 -0.045 -0.051 -0.026 -0.035 -0.005 -0.056 -0.04 -0.013
0.106 0.006 0.024 -0.024 0.001 -0.035 0.007 -0.022 0.001 0.001 -0.001 -0.059 -0.02 -0.004 -0.023 -0.069 -0.018 -0.016 -0.044 0.017 -0.004 4.595 -0.028 -0.036 0.014 -0.008 -0.003 -0.033 -0.017 0.01
-0.977 -0.046 -0.213 -0.353 -0.252 -0.376 -0.144 -0.317 -0.309 -0.103 -0.186 -0.619 -0.275 -0.157 -0.355 -0.699 -0.361 -0.205 -0.563 -0.263 -0.045 -0.028 14.821 -0.359 -0.2 -0.254 -0.034 -0.402 -0.29 -0.097
-1.3 -0.061 -0.284 -0.4 -0.306 -0.416 -0.183 -0.358 -0.375 -0.126 -0.224 -0.683 -0.31 -0.186 -0.403 -0.769 -0.417 -0.229 -0.632 -0.337 -0.051 -0.036 -0.359 17.078 -0.258 -0.298 -0.038 -0.449 -0.331 -0.129
1.002 0.052 0.226 -0.161 0.04 -0.248 0.079 -0.149 0.045 0.019 0.012 -0.422 -0.14 -0.014 -0.156 -0.497 -0.112 -0.115 -0.306 0.172 -0.026 0.014 -0.2 -0.258 3.947 -0.035 -0.023 -0.232 -0.114 0.097
-0.02 0.001 0 -0.25 -0.106 -0.302 -0.035 -0.227 -0.132 -0.043 -0.087 -0.504 -0.202 -0.085 -0.249 -0.578 -0.232 -0.155 -0.422 -0.051 -0.035 -0.008 -0.254 -0.298 -0.035 8.345 -0.028 -0.307 -0.197 -0.003
-0.114 -0.005 -0.025 -0.038 -0.028 -0.04 -0.016 -0.034 -0.034 -0.011 -0.021 -0.065 -0.029 -0.017 -0.038 -0.074 -0.039 -0.022 -0.06 -0.03 -0.005 -0.003 -0.034 -0.038 -0.023 -0.028 16.259 -0.043 -0.031 -0.011
-1.109 -0.051 -0.241 -0.436 -0.3 -0.469 -0.168 -0.391 -0.368 -0.123 -0.223 -0.773 -0.34 -0.19 -0.437 -0.875 -0.442 -0.254 -0.698 -0.305 -0.056 -0.033 -0.402 -0.449 -0.232 -0.307 -0.043 13.764 -0.357 -0.111
-0.473 -0.021 -0.101 -0.303 -0.177 -0.342 -0.087 -0.273 -0.218 -0.072 -0.135 -0.566 -0.239 -0.12 -0.303 -0.645 -0.297 -0.181 -0.495 -0.152 -0.04 -0.017 -0.29 -0.331 -0.114 -0.197 -0.031 -0.357 11.039 -0.048
0.671 0.034 0.151 -0.072 0.042 -0.122 0.058 -0.067 0.049 0.018 0.02 -0.209 -0.064 0.003 -0.068 -0.249 -0.042 -0.055 -0.144 0.122 -0.013 0.01 -0.097 -0.129 0.097 -0.003 -0.011 -0.111 -0.048 2.918

 Mean vectors and covariance matrices before rotation --- 5th cluster >>

 mean vector (mu'=Q*mu)>>
0 5.808 4.107 15.905 0 0 0 0 0 0 0 0 0 0 0 0 0 0 0 0 0 0 0 0 0 0 0 0 0 0

 covariance matrix (Sigma'=Q*Sigma*t(Q))>>

5.875 -0.034 0.642 -0.97 0.683 0.381 -0.936 0.657 0.78 -0.139 -0.038 0.119 1.238 -0.875 -1.148 -0.009 -0.019 -0.598 -0.795 0.408 0.064 0.614 -0.001 -0.526 0.002 -1.423 -0.577 -0.323 -0.426 0.349
-0.034 6.735 -0.004 -0.046 -0.016 -0.024 -0.045 -0.011 -0.011 -0.009 -0.002 -0.014 -0.007 -0.051 -0.054 -0.001 -0.002 -0.051 -0.049 -0.016 -0.01 -0.008 0 -0.041 0 -0.065 -0.026 -0.024 -0.024 -0.015
0.642 -0.004 1.518 -0.133 0.107 0.064 -0.128 0.101 0.12 -0.018 -0.005 0.022 0.187 -0.117 -0.157 -0.001 -0.002 -0.076 -0.106 0.065 0.012 0.094 0 -0.068 0 -0.196 -0.079 -0.042 -0.057 0.056
-0.97 -0.046 -0.133 10.337 -0.284 -0.346 -0.431 -0.224 -0.239 -0.096 -0.017 -0.193 -0.243 -0.51 -0.515 -0.013 -0.019 -0.556 -0.497 -0.247 -0.134 -0.181 0 -0.44 -0.001 -0.617 -0.241 -0.257 -0.245 -0.234
0.683 -0.016 0.107 -0.284 2.96 0.012 -0.276 0.092 0.115 -0.047 -0.011 -0.013 0.208 -0.278 -0.335 -0.004 -0.008 -0.23 -0.259 0.037 -0.012 0.092 0 -0.193 0 -0.411 -0.165 -0.116 -0.135 0.027
0.381 -0.024 0.064 -0.346 0.012 4.002 -0.337 0.031 0.047 -0.063 -0.014 -0.054 0.128 -0.358 -0.408 -0.007 -0.011 -0.326 -0.338 -0.023 -0.041 0.04 0 -0.267 0 -0.498 -0.198 -0.159 -0.173 -0.029
-0.936 -0.045 -0.128 -0.431 -0.276 -0.337 10.181 -0.217 -0.231 -0.094 -0.017 -0.189 -0.234 -0.502 -0.506 -0.013 -0.019 -0.546 -0.488 -0.24 -0.13 -0.175 0 -0.432 -0.001 -0.607 -0.238 -0.252 -0.24 -0.228
0.657 -0.011 0.101 -0.224 0.092 0.031 -0.217 2.586 0.115 -0.036 -0.009 0 0.197 -0.215 -0.265 -0.003 -0.006 -0.17 -0.199 0.046 -0.003 0.091 0 -0.144 0 -0.326 -0.131 -0.087 -0.104 0.037
0.78 -0.011 0.12 -0.239 0.115 0.047 -0.231 0.115 2.411 -0.037 -0.009 0.007 0.232 -0.226 -0.282 -0.003 -0.006 -0.173 -0.208 0.061 0.001 0.11 0 -0.148 0 -0.348 -0.14 -0.09 -0.11 0.051
-0.139 -0.009 -0.018 -0.096 -0.047 -0.063 -0.094 -0.036 -0.037 8.345 -0.004 -0.036 -0.033 -0.109 -0.113 -0.003 -0.004 -0.115 -0.105 -0.043 -0.025 -0.028 0 -0.091 0 -0.136 -0.053 -0.053 -0.052 -0.041
-0.038 -0.002 -0.005 -0.017 -0.011 -0.014 -0.017 -0.009 -0.009 -0.004 10.788 -0.008 -0.01 -0.02 -0.02 -0.001 -0.001 -0.022 -0.02 -0.01 -0.005 -0.007 0 -0.017 0 -0.024 -0.01 -0.01 -0.01 -0.009
0.119 -0.014 0.022 -0.193 -0.013 -0.054 -0.189 0 0.007 -0.036 -0.008 4.594 0.045 -0.203 -0.228 -0.004 -0.006 -0.191 -0.193 -0.027 -0.028 0.007 0 -0.156 0 -0.277 -0.11 -0.092 -0.098 -0.029
1.238 -0.007 0.187 -0.243 0.208 0.128 -0.234 0.197 0.232 -0.033 -0.01 0.045 1.661 -0.212 -0.288 -0.002 -0.004 -0.132 -0.191 0.129 0.026 0.182 0 -0.119 0.001 -0.358 -0.146 -0.074 -0.104 0.112
-0.875 -0.051 -0.117 -0.51 -0.278 -0.358 -0.502 -0.215 -0.226 -0.109 -0.02 -0.203 -0.212 8.513 -0.6 -0.014 -0.021 -0.623 -0.567 -0.25 -0.141 -0.17 -0.001 -0.495 -0.001 -0.721 -0.283 -0.29 -0.28 -0.238
-1.148 -0.054 -0.157 -0.515 -0.335 -0.408 -0.506 -0.265 -0.282 -0.113 -0.02 -0.228 -0.288 -0.6 10.229 -0.015 -0.023 -0.654 -0.584 -0.291 -0.157 -0.214 -0.001 -0.518 -0.001 -0.724 -0.283 -0.302 -0.287 -0.276
-0.009 -0.001 -0.001 -0.013 -0.004 -0.007 -0.013 -0.003 -0.003 -0.003 -0.001 -0.004 -0.002 -0.014 -0.015 6.635 -0.001 -0.015 -0.014 -0.004 -0.003 -0.002 0 -0.012 0 -0.019 -0.007 -0.007 -0.007 -0.004
-0.019 -0.002 -0.002 -0.019 -0.008 -0.011 -0.019 -0.006 -0.006 -0.004 -0.001 -0.006 -0.004 -0.021 -0.023 -0.001 7.249 -0.022 -0.021 -0.007 -0.005 -0.004 0 -0.018 0 -0.027 -0.011 -0.01 -0.01 -0.007
-0.598 -0.051 -0.076 -0.556 -0.23 -0.326 -0.546 -0.17 -0.173 -0.115 -0.022 -0.191 -0.132 -0.623 -0.654 -0.015 -0.022 6.814 -0.601 -0.219 -0.134 -0.129 -0.001 -0.514 -0.001 -0.789 -0.311 -0.302 -0.299 -0.211
-0.795 -0.049 -0.106 -0.497 -0.259 -0.338 -0.488 -0.199 -0.208 -0.105 -0.02 -0.193 -0.191 -0.567 -0.584 -0.014 -0.021 -0.601 8.221 -0.235 -0.134 -0.157 -0.001 -0.478 -0.001 -0.703 -0.276 -0.28 -0.272 -0.224
0.408 -0.016 0.065 -0.247 0.037 -0.023 -0.24 0.046 0.061 -0.043 -0.01 -0.027 0.129 -0.25 -0.291 -0.004 -0.007 -0.219 -0.235 3.518 -0.021 0.05 0 -0.181 0 -0.356 -0.142 -0.108 -0.121 -0.002
0.064 -0.01 0.012 -0.134 -0.012 -0.041 -0.13 -0.003 0.001 -0.025 -0.005 -0.028 0.026 -0.141 -0.157 -0.003 -0.005 -0.134 -0.134 -0.021 4.784 0.002 0 -0.109 0 -0.191 -0.076 -0.064 -0.068 -0.022
0.614 -0.008 0.094 -0.181 0.092 0.04 -0.175 0.091 0.11 -0.028 -0.007 0.007 0.182 -0.17 -0.214 -0.002 -0.004 -0.129 -0.157 0.05 0.002 2.278 0 -0.11 0 -0.264 -0.106 -0.067 -0.083 0.041
-0.001 0 0 0 0 0 0 0 0 0 0 0 0 -0.001 -0.001 0 0 -0.001 -0.001 0 0 0 11.642 -0.001 0 -0.001 0 0 0 0
-0.526 -0.041 -0.068 -0.44 -0.193 -0.267 -0.432 -0.144 -0.148 -0.091 -0.017 -0.156 -0.119 -0.495 -0.518 -0.012 -0.018 -0.514 -0.478 -0.181 -0.109 -0.11 -0.001 7.322 -0.001 -0.624 -0.245 -0.241 -0.238 -0.174
0.002 0 0 -0.001 0 0 -0.001 0 0 0 0 0 0.001 -0.001 -0.001 0 0 -0.001 -0.001 0 0 0 0 -0.001 3.873 -0.002 -0.001 -0.001 -0.001 0
-1.423 -0.065 -0.196 -0.617 -0.411 -0.498 -0.607 -0.326 -0.348 -0.136 -0.024 -0.277 -0.358 -0.721 -0.724 -0.019 -0.027 -0.789 -0.703 -0.356 -0.191 -0.264 -0.001 -0.624 -0.002 10.26 -0.339 -0.364 -0.345 -0.337
-0.577 -0.026 -0.079 -0.241 -0.165 -0.198 -0.238 -0.131 -0.14 -0.053 -0.01 -0.11 -0.146 -0.283 -0.283 -0.007 -0.011 -0.311 -0.276 -0.142 -0.076 -0.106 0 -0.245 -0.001 -0.339 11.346 -0.143 -0.135 -0.135
-0.323 -0.024 -0.042 -0.257 -0.116 -0.159 -0.252 -0.087 -0.09 -0.053 -0.01 -0.092 -0.074 -0.29 -0.302 -0.007 -0.01 -0.302 -0.28 -0.108 -0.064 -0.067 0 -0.241 -0.001 -0.364 -0.143 7.743 -0.139 -0.104
-0.426 -0.024 -0.057 -0.245 -0.135 -0.173 -0.24 -0.104 -0.11 -0.052 -0.01 -0.098 -0.104 -0.28 -0.287 -0.007 -0.01 -0.299 -0.272 -0.121 -0.068 -0.083 0 -0.238 -0.001 -0.345 -0.135 -0.139 9.047 -0.115
0.349 -0.015 0.056 -0.234 0.027 -0.029 -0.228 0.037 0.051 -0.041 -0.009 -0.029 0.112 -0.238 -0.276 -0.004 -0.007 -0.211 -0.224 -0.002 -0.022 0.041 0 -0.174 0 -0.337 -0.135 -0.104 -0.115 3.659

 Mean vectors and covariance matrices before rotation --- 6th cluster >>

 mean vector (mu'=Q*mu)>>
0 5.808 4.107 3.181 15.583 0 0 0 0 0 0 0 0 0 0 0 0 0 0 0 0 0 0 0 0 0 0 0 0 0

 covariance matrix (Sigma'=Q*Sigma*t(Q))>>

7.282 -0.038 0.331 0.223 -0.211 0.007 0.038 0.164 -0.168 0.697 0.136 -0.282 -0.235 0.305 -0.278 0.219 0.18 0.579 -0.928 0.12 -0.027 -0.732 0.1 0.275 -0.857 -0.517 0.076 0.131 0.177 -0.91
-0.038 7.849 -0.004 -0.011 -0.036 -0.016 -0.008 -0.007 -0.009 0.003 -0.001 -0.027 -0.028 0.001 -0.016 -0.001 -0.02 -0.005 -0.057 -0.013 -0.001 -0.04 0 -0.009 -0.049 -0.043 -0.001 -0.028 -0.009 -0.055
0.331 -0.004 4.011 0.023 -0.019 0.002 0.004 0.017 -0.016 0.07 0.014 -0.027 -0.022 0.031 -0.027 0.022 0.019 0.059 -0.091 0.013 -0.003 -0.072 0.01 0.028 -0.084 -0.05 0.008 0.015 0.018 -0.089
0.223 -0.011 0.023 5.358 -0.083 -0.028 -0.011 0.001 -0.031 0.069 0.01 -0.074 -0.07 0.029 -0.054 0.017 -0.019 0.043 -0.185 -0.012 -0.005 -0.138 0.008 0.008 -0.164 -0.123 0.006 -0.039 0 -0.179
-0.211 -0.036 -0.019 -0.083 7.095 -0.127 -0.062 -0.055 -0.075 0.048 -0.005 -0.225 -0.228 0.017 -0.137 -0.005 -0.152 -0.024 -0.482 -0.1 -0.012 -0.344 -0.001 -0.066 -0.416 -0.359 -0.003 -0.222 -0.065 -0.465
0.007 -0.016 0.002 -0.028 -0.127 6.587 -0.024 -0.018 -0.036 0.04 0.002 -0.101 -0.1 0.016 -0.064 0.004 -0.057 0.007 -0.225 -0.038 -0.006 -0.162 0.002 -0.019 -0.195 -0.162 0.001 -0.088 -0.022 -0.217
0.038 -0.008 0.004 -0.011 -0.062 -0.024 6.234 -0.007 -0.019 0.026 0.002 -0.051 -0.05 0.011 -0.033 0.004 -0.025 0.009 -0.116 -0.017 -0.003 -0.085 0.002 -0.006 -0.102 -0.082 0.001 -0.04 -0.008 -0.112
0.164 -0.007 0.017 0.001 -0.055 -0.018 -0.007 5.272 -0.021 0.049 0.007 -0.049 -0.047 0.021 -0.036 0.012 -0.011 0.031 -0.125 -0.007 -0.003 -0.093 0.006 0.007 -0.111 -0.082 0.004 -0.024 0.001 -0.121
-0.168 -0.009 -0.016 -0.031 -0.075 -0.036 -0.019 -0.021 10.654 -0.01 -0.006 -0.054 -0.056 -0.006 -0.029 -0.009 -0.049 -0.026 -0.104 -0.032 -0.002 -0.072 -0.004 -0.028 -0.087 -0.083 -0.003 -0.067 -0.024 -0.099
0.697 0.003 0.07 0.069 0.048 0.04 0.026 0.049 -0.01 2.139 0.028 0.013 0.023 0.055 -0.013 0.044 0.081 0.12 -0.036 0.054 -0.002 -0.039 0.02 0.074 -0.042 0.007 0.016 0.093 0.054 -0.037
0.136 -0.001 0.014 0.01 -0.005 0.002 0.002 0.007 -0.006 0.028 3.8 -0.009 -0.007 0.012 -0.01 0.009 0.009 0.024 -0.033 0.006 -0.001 -0.026 0.004 0.012 -0.031 -0.017 0.003 0.008 0.008 -0.032
-0.282 -0.027 -0.027 -0.074 -0.225 -0.101 -0.051 -0.049 -0.054 0.013 -0.009 7.976 -0.172 0.002 -0.099 -0.011 -0.127 -0.04 -0.349 -0.084 -0.008 -0.247 -0.004 -0.062 -0.299 -0.266 -0.005 -0.181 -0.058 -0.336
-0.235 -0.028 -0.022 -0.07 -0.228 -0.1 -0.05 -0.047 -0.056 0.023 -0.007 -0.172 7.629 0.007 -0.102 -0.008 -0.124 -0.031 -0.361 -0.082 -0.009 -0.256 -0.003 -0.058 -0.31 -0.272 -0.004 -0.178 -0.055 -0.348
0.305 0.001 0.031 0.029 0.017 0.016 0.011 0.021 -0.006 0.055 0.012 0.002 0.007 2.384 -0.008 0.019 0.034 0.053 -0.023 0.022 -0.001 -0.022 0.009 0.032 -0.025 -0.002 0.007 0.038 0.023 -0.023
-0.278 -0.016 -0.027 -0.054 -0.137 -0.064 -0.033 -0.036 -0.029 -0.013 -0.01 -0.099 -0.102 -0.008 9.899 -0.014 -0.086 -0.043 -0.194 -0.057 -0.005 -0.135 -0.006 -0.048 -0.164 -0.153 -0.005 -0.119 -0.042 -0.186
0.219 -0.001 0.022 0.017 -0.005 0.004 0.004 0.012 -0.009 0.044 0.009 -0.011 -0.008 0.019 -0.014 3.612 0.017 0.039 -0.046 0.011 -0.001 -0.037 0.007 0.02 -0.043 -0.023 0.005 0.015 0.014 -0.045
0.18 -0.02 0.019 -0.019 -0.152 -0.057 -0.025 -0.011 -0.049 0.081 0.009 -0.127 -0.124 0.034 -0.086 0.017 5.881 0.038 -0.3 -0.036 -0.008 -0.22 0.008 -0.007 -0.263 -0.208 0.005 -0.091 -0.015 -0.29
0.579 -0.005 0.059 0.043 -0.024 0.007 0.009 0.031 -0.026 0.12 0.024 -0.04 -0.031 0.053 -0.043 0.039 0.038 3.924 -0.142 0.025 -0.004 -0.114 0.018 0.051 -0.132 -0.075 0.013 0.033 0.034 -0.139
-0.928 -0.057 -0.091 -0.185 -0.482 -0.225 -0.116 -0.125 -0.104 -0.036 -0.033 -0.349 -0.361 -0.023 -0.194 -0.046 -0.3 -0.142 8.942 -0.198 -0.016 -0.481 -0.019 -0.163 -0.586 -0.544 -0.018 -0.414 -0.145 -0.663
0.12 -0.013 0.013 -0.012 -0.1 -0.038 -0.017 -0.007 -0.032 0.054 0.006 -0.084 -0.082 0.022 -0.057 0.011 -0.036 0.025 -0.198 5.903 -0.005 -0.145 0.005 -0.004 -0.174 -0.137 0.003 -0.06 -0.01 -0.191
-0.027 -0.001 -0.003 -0.005 -0.012 -0.006 -0.003 -0.003 -0.002 -0.002 -0.001 -0.008 -0.009 -0.001 -0.005 -0.001 -0.008 -0.004 -0.016 -0.005 10.787 -0.011 -0.001 -0.004 -0.014 -0.013 -0.001 -0.011 -0.004 -0.016
-0.732 -0.04 -0.072 -0.138 -0.344 -0.162 -0.085 -0.093 -0.072 -0.039 -0.026 -0.247 -0.256 -0.022 -0.135 -0.037 -0.22 -0.114 -0.481 -0.145 -0.011 9.938 -0.016 -0.123 -0.407 -0.383 -0.014 -0.302 -0.108 -0.462
0.1 0 0.01 0.008 -0.001 0.002 0.002 0.006 -0.004 0.02 0.004 -0.004 -0.003 0.009 -0.006 0.007 0.008 0.018 -0.019 0.005 -0.001 -0.016 3.461 0.009 -0.018 -0.009 0.002 0.008 0.006 -0.019
0.275 -0.009 0.028 0.008 -0.066 -0.019 -0.006 0.007 -0.028 0.074 0.012 -0.062 -0.058 0.032 -0.048 0.02 -0.007 0.051 -0.163 -0.004 -0.004 -0.123 0.009 5.009 -0.146 -0.105 0.007 -0.022 0.007 -0.159
-0.857 -0.049 -0.084 -0.164 -0.416 -0.195 -0.102 -0.111 -0.087 -0.042 -0.031 -0.299 -0.31 -0.025 -0.164 -0.043 -0.263 -0.132 -0.586 -0.174 -0.014 -0.407 -0.018 -0.146 9.547 -0.465 -0.017 -0.362 -0.129 -0.562
-0.517 -0.043 -0.05 -0.123 -0.359 -0.162 -0.082 -0.082 -0.083 0.007 -0.017 -0.266 -0.272 -0.002 -0.153 -0.023 -0.208 -0.075 -0.544 -0.137 -0.013 -0.383 -0.009 -0.105 -0.465 8.068 -0.009 -0.294 -0.097 -0.523
0.076 -0.001 0.008 0.006 -0.003 0.001 0.001 0.004 -0.003 0.016 0.003 -0.005 -0.004 0.007 -0.005 0.005 0.005 0.013 -0.018 0.003 -0.001 -0.014 0.002 0.007 -0.017 -0.009 3.764 0.005 0.005 -0.017
0.131 -0.028 0.015 -0.039 -0.222 -0.088 -0.04 -0.024 -0.067 0.093 0.008 -0.181 -0.178 0.038 -0.119 0.015 -0.091 0.033 -0.414 -0.06 -0.011 -0.302 0.008 -0.022 -0.362 -0.294 0.005 6.12 -0.03 -0.401
0.177 -0.009 0.018 0 -0.065 -0.022 -0.008 0.001 -0.024 0.054 0.008 -0.058 -0.055 0.023 -0.042 0.014 -0.015 0.034 -0.145 -0.01 -0.004 -0.108 0.006 0.007 -0.129 -0.097 0.005 -0.03 5.347 -0.141
-0.91 -0.055 -0.089 -0.179 -0.465 -0.217 -0.112 -0.121 -0.099 -0.037 -0.032 -0.336 -0.348 -0.023 -0.186 -0.045 -0.29 -0.139 -0.663 -0.191 -0.016 -0.462 -0.019 -0.159 -0.562 -0.523 -0.017 -0.401 -0.141 9.089

 Mean vectors and covariance matrices before rotation --- 7th cluster >>

 mean vector (mu'=Q*mu)>>
0 5.808 4.107 3.181 2.597 15.365 0 0 0 0 0 0 0 0 0 0 0 0 0 0 0 0 0 0 0 0 0 0 0 0

 covariance matrix (Sigma'=Q*Sigma*t(Q))>>

4.919 0.208 0.366 -0.027 0.069 -0.141 0.036 0.007 0.53 -0.813 -0.218 0.171 0.268 -1.53 -0.497 0.423 0.404 -0.011 -0.025 1.283 -0.025 -0.026 0.581 0.844 -0.154 -0.291 0.124 0.296 -0.362 -0.013
0.208 4.243 0.138 0.015 0.03 -0.003 0.092 0.118 0.154 -0.057 0.078 0.086 0.15 -0.108 0.002 0.112 0.14 0.005 0.006 0.312 0.01 0.023 0.177 0.238 0.012 -0.017 0.059 0.094 0.021 0.002
0.366 0.138 3.758 0.023 0.04 0.001 0.129 0.168 0.2 -0.052 0.118 0.116 0.204 -0.099 0.021 0.144 0.185 0.007 0.009 0.398 0.016 0.033 0.231 0.309 0.023 -0.013 0.08 0.123 0.043 0.003
-0.027 0.015 0.023 5.857 0.005 -0.004 0.01 0.012 0.028 -0.026 0.002 0.013 0.022 -0.048 -0.012 0.022 0.024 0 0 0.063 0 0.002 0.032 0.045 -0.003 -0.009 0.009 0.017 -0.007 0
0.069 0.03 0.04 0.005 3.904 0 0.027 0.035 0.044 -0.014 0.024 0.025 0.044 -0.027 0.002 0.032 0.04 0.001 0.002 0.089 0.003 0.007 0.051 0.068 0.004 -0.004 0.017 0.027 0.008 0.001
-0.141 -0.003 0.001 -0.004 0 8.443 -0.011 -0.016 0.008 -0.038 -0.023 -0.002 -0.006 -0.071 -0.028 0.008 0.003 -0.001 -0.002 0.028 -0.003 -0.005 0.008 0.014 -0.01 -0.014 -0.001 0.003 -0.023 -0.001
0.036 0.092 0.129 0.01 0.027 -0.011 5.199 0.091 0.152 -0.095 0.046 0.077 0.132 -0.18 -0.03 0.113 0.133 0.003 0.003 0.321 0.006 0.016 0.173 0.236 0 -0.031 0.053 0.091 -0.007 0.001
